PADDLE 306 450
BALL 272 332 4 -3
BLOCKS_COUNT 47
0 60 3
53.5 60 3
107 60 3
160.5 60 3
214 60 3
267.5 60 3
321 60 3
374.5 60 3
428 60 3
481.5 60 3
535 60 3
588.5 60 3
0 82 3
53.5 82 3
107 82 3
160.5 82 3
214 82 3
267.5 82 3
321 82 3
374.5 82 3
428 82 3
481.5 82 3
535 82 3
588.5 82 3
0 104 2
53.5 104 2
107 104 2
160.5 104 2
214 104 2
267.5 104 2
321 104 2
374.5 104 2
428 104 2
481.5 104 2
535 104 2
588.5 104 2
0 126 1
53.5 126 1
107 126 1
160.5 126 1
267.5 126 1
321 126 1
374.5 126 1
428 126 1
481.5 126 1
535 126 1
588.5 126 1
